TPQ: 256, usecPerTick = 2343
Tempo: 100
TRACKS: 3

Track 0
0	
0	
0	
0	
0	
0	
1	

Track 1
0	
0	
0	
0	
0	
0	
0	
0	
0	
256	
256	
384	
384	
512	
512	
768	
768	
896	
1024	
1024	
1024	
1152	
1280	
1408	
1536	
1664	
1792	
2048	
2304	
2304	
2432	
2432	
2560	
2560	
2816	
2816	
2944	
3072	
3072	
3200	
3328	
3456	
3584	
4096	
4096	
4096	
4096	
4352	
4352	
4480	
4480	
4608	
4608	
4864	
4864	
4992	
5120	
5120	
5120	
5248	
5376	
5504	
5632	
5760	
5888	
6144	
6400	
6400	
6528	
6528	
6656	
6656	
6912	
6912	
7040	
7168	
7168	
7296	
7424	
7552	
7680	
8192	
8192	
8192	
8320	
8320	
8448	
8448	
8576	
8576	
8704	
8704	
8832	
8960	
9088	
9216	
9216	
9344	
9472	
9600	
9728	
10240	
10240	
10368	
10368	
10496	
10496	
10624	
10624	
10752	
10752	
10880	
10880	
11008	
11008	
11136	
11136	
11264	
11264	
11264	
11264	
11392	
11392	
11520	
11520	
11648	
11648	
11776	
11776	
11904	
12032	
12160	
12288	
12288	
12416	
12416	
12544	
12544	
12672	
12672	
12800	
12800	
12928	
13056	
13184	
13312	
13312	
13440	
13568	
13696	
13824	
14336	
14336	
14464	
14464	
14592	
14592	
14720	
14720	
14848	
14848	
14976	
14976	
15104	
15104	
15232	
15232	
15360	
15360	
15360	
15360	
15488	
15488	
15616	
15616	
15744	
15744	
15872	
15872	
16384	
16384	
16384	
16384	
16640	
16640	
16768	
16768	
16896	
16896	
17152	
17152	
17280	
17408	
17408	
17408	
17536	
17664	
17792	
17920	
18048	
18176	
18432	
18688	
18688	
18816	
18816	
18944	
18944	
19200	
19200	
19328	
19456	
19456	
19584	
19712	
19840	
19968	
20480	
20480	
20480	
20480	
20736	
20736	
20864	
20864	
20992	
20992	
21248	
21248	
21376	
21504	
21504	
21504	
21632	
21760	
21888	
22016	
22144	
22272	
22528	
22784	
22784	
22912	
22912	
23040	
23040	
23296	
23296	
23424	
23552	
23552	
23680	
24064	
24576	
24576	
25088	
25088	
25600	
25600	
25600	
25600	
25600	
25600	
26112	
26112	
26624	
26624	
26624	
26624	
26624	
26624	
26624	
27648	
27648	
27648	
27648	
27649	

Track 2
0	
0	
0	
0	
0	
0	
0	
0	
256	
256	
384	
384	
512	
512	
768	
768	
1024	
1024	
1024	
1024	
1280	
1280	
1536	
1536	
1792	
1792	
2048	
2304	
2432	
2560	
2560	
2816	
2816	
3072	
3072	
3072	
3328	
3328	
3584	
3584	
4096	
4096	
4096	
4096	
4352	
4352	
4480	
4480	
4608	
4608	
4864	
4864	
5120	
5120	
5120	
5120	
5376	
5376	
5632	
5632	
5888	
5888	
6144	
6400	
6528	
6656	
6656	
6912	
6912	
7168	
7168	
7168	
7424	
7424	
7680	
7680	
8192	
8192	
8192	
8320	
8320	
8448	
8448	
8576	
8576	
8704	
8704	
8960	
8960	
9216	
9216	
9216	
9472	
9472	
9728	
9728	
10240	
10240	
10368	
10496	
10624	
10624	
10752	
10752	
10880	
10880	
11008	
11008	
11136	
11136	
11264	
11264	
11264	
11264	
11392	
11392	
11520	
11520	
11648	
11648	
11776	
11776	
12032	
12032	
12288	
12288	
12288	
12416	
12416	
12544	
12544	
12672	
12672	
12800	
12800	
13056	
13056	
13312	
13312	
13312	
13568	
13568	
13824	
13824	
14336	
14336	
14464	
14592	
14720	
14720	
14848	
14848	
14976	
14976	
15104	
15104	
15232	
15232	
15360	
15360	
15360	
15360	
15488	
15488	
15616	
15616	
15744	
15744	
15872	
15872	
16384	
16384	
16384	
16384	
16640	
16640	
16768	
16768	
16896	
16896	
17152	
17152	
17408	
17408	
17408	
17408	
17664	
17664	
17920	
17920	
18176	
18176	
18432	
18688	
18816	
18944	
18944	
19200	
19200	
19456	
19456	
19456	
19712	
19712	
19968	
19968	
20480	
20480	
20480	
20480	
20736	
20736	
20864	
20864	
20992	
20992	
21248	
21248	
21504	
21504	
21504	
21504	
21760	
21760	
22016	
22016	
22272	
22272	
22528	
22784	
22912	
23040	
23040	
23296	
23296	
23552	
23552	
23552	
23808	
24064	
24576	
24576	
24576	
25088	
25600	
25600	
25600	
25600	
25600	
25600	
26112	
26112	
26624	
26624	
26624	
26624	
26624	
26624	
26624	
27648	
27648	
27648	
27648	
27649	
