TPQ: 1024, usecPerTick = 346
Tempo: 169
TRACKS: 5

Track 0
0	ff 54 05 00 00 00 00 00 
0	ff 58 04 04 02 18 08 
0	ff 59 02 00 00 
0	ff 51 03 07 a1 1f 
0	ff 51 03 05 62 ad 
0	ff 51 03 05 62 d7 
282625	ff 2f 00 

Track 1
0	ff 09 16 53 6d 61 72 74 4d 75 73 69 63 20 53 6f 66 74 53 79 6e 74 68 20 31 
0	ff 03 0f 41 63 6f 75 73 74 69 63 20 47 75 69 74 61 72 
0	b7 07 6e 
0	b7 0a 40 
0	b7 07 65 
0	c7 00 
10261	97 37 43 
11780	87 37 00 
11781	97 37 40 
13341	87 37 00 
13342	97 3a 41 
14356	87 3a 00 
14357	97 3c 43 
15371	87 3c 00 
15372	97 37 41 
16929	87 37 00 
16930	97 37 40 
18452	87 37 00 
18453	97 35 43 
19467	87 35 00 
19468	97 36 41 
20479	87 36 00 
20484	97 37 45 
22038	87 37 00 
22039	97 37 40 
23563	87 37 00 
23564	97 3a 41 
24575	87 3a 00 
24580	97 3c 45 
25629	87 3c 00 
25630	97 37 41 
27154	87 37 00 
27155	97 37 40 
28671	87 37 00 
28676	97 35 45 
29725	87 35 00 
29726	97 36 41 
30740	87 36 00 
30741	97 37 43 
32260	87 37 00 
32261	97 37 40 
33821	87 37 00 
33822	97 3a 41 
34836	87 3a 00 
34837	97 3c 43 
35851	87 3c 00 
35852	97 37 41 
37409	87 37 00 
37410	97 37 40 
38932	87 37 00 
38933	97 35 43 
39947	87 35 00 
39948	97 36 41 
40959	87 36 00 
40964	97 37 45 
42518	87 37 00 
42519	97 37 40 
44043	87 37 00 
44044	97 3a 41 
45055	87 3a 00 
45060	97 3c 45 
46109	87 3c 00 
46110	97 37 41 
47634	87 37 00 
47635	97 37 40 
49151	87 37 00 
49156	97 35 45 
50205	87 35 00 
50206	97 36 41 
51220	87 36 00 
51221	97 37 43 
52740	87 37 00 
52741	97 37 40 
54301	87 37 00 
54302	97 3a 41 
55316	87 3a 00 
55317	97 3c 43 
56331	87 3c 00 
56332	97 37 41 
57889	87 37 00 
57890	97 37 40 
59412	87 37 00 
59413	97 35 43 
60427	87 35 00 
60428	97 36 41 
61439	87 36 00 
61444	97 37 45 
62998	87 37 00 
62999	97 37 40 
64523	87 37 00 
64524	97 3a 41 
65535	87 3a 00 
65540	97 3c 45 
66589	87 3c 00 
66590	97 37 41 
68114	87 37 00 
68115	97 37 40 
69631	87 37 00 
69636	97 35 45 
70685	87 35 00 
70686	97 36 41 
71700	87 36 00 
71701	97 37 43 
73220	87 37 00 
73221	97 37 40 
74781	87 37 00 
74782	97 3a 41 
75796	87 3a 00 
75797	97 3c 43 
76811	87 3c 00 
76812	97 37 41 
78369	87 37 00 
78370	97 37 40 
79892	87 37 00 
79893	97 35 43 
80907	87 35 00 
80908	97 36 41 
81919	87 36 00 
81924	97 3c 45 
83478	87 3c 00 
83479	97 3c 40 
85003	87 3c 00 
85004	97 3f 41 
86015	87 3f 00 
86020	97 41 45 
87069	87 41 00 
87070	97 3c 41 
88594	87 3c 00 
88595	97 3c 40 
90111	87 3c 00 
90116	97 3a 45 
91165	87 3a 00 
91166	97 3b 41 
92180	87 3b 00 
92181	97 3c 43 
93700	87 3c 00 
93701	97 3c 40 
95261	87 3c 00 
95262	97 3f 41 
96276	87 3f 00 
96277	97 41 43 
97291	87 41 00 
97292	97 3c 41 
98849	87 3c 00 
98850	97 3c 40 
100372	87 3c 00 
100373	97 35 43 
101387	87 35 00 
101388	97 36 41 
102399	87 36 00 
102404	97 37 45 
103958	87 37 00 
103959	97 37 40 
105483	87 37 00 
105484	97 3a 41 
106495	87 3a 00 
106500	97 3c 45 
107549	87 3c 00 
107550	97 37 41 
109074	87 37 00 
109075	97 37 40 
110591	87 37 00 
110596	97 35 45 
111645	87 35 00 
111646	97 36 41 
112660	87 36 00 
112661	97 37 43 
114180	87 37 00 
114181	97 37 40 
115741	87 37 00 
115742	97 3a 41 
116756	87 3a 00 
116757	97 3c 43 
117771	87 3c 00 
117772	97 37 41 
119329	87 37 00 
119330	97 37 40 
120852	87 37 00 
120853	97 35 43 
121867	87 35 00 
121868	97 36 41 
122879	87 36 00 
122884	97 33 45 
124438	87 33 00 
124439	97 33 40 
125963	87 33 00 
125964	97 34 41 
126975	87 34 00 
126980	97 36 45 
128029	87 36 00 
128030	97 33 41 
129554	87 33 00 
129555	97 33 40 
131071	87 33 00 
131076	97 34 45 
132125	87 34 00 
132126	97 36 41 
133140	87 36 00 
133141	97 33 43 
134155	87 33 00 
143364	97 37 45 
144918	87 37 00 
144919	97 37 40 
146443	87 37 00 
146444	97 3a 41 
147455	87 3a 00 
147460	97 3c 45 
148509	87 3c 00 
148510	97 37 41 
150034	87 37 00 
150035	97 37 40 
151551	87 37 00 
151556	97 35 45 
152605	87 35 00 
152606	97 36 41 
153620	87 36 00 
153621	97 37 43 
155140	87 37 00 
155141	97 37 40 
156701	87 37 00 
156702	97 3a 41 
157716	87 3a 00 
157717	97 3c 43 
158731	87 3c 00 
158732	97 37 41 
160289	87 37 00 
160290	97 37 40 
161812	87 37 00 
161813	97 35 43 
162827	87 35 00 
162828	97 36 41 
163839	87 36 00 
163844	97 37 45 
165398	87 37 00 
165399	97 37 40 
166923	87 37 00 
166924	97 3a 41 
167935	87 3a 00 
167940	97 3c 45 
168989	87 3c 00 
168990	97 37 41 
170514	87 37 00 
170515	97 37 40 
172031	87 37 00 
172036	97 35 45 
173085	87 35 00 
173086	97 36 41 
174100	87 36 00 
174101	97 37 43 
175620	87 37 00 
175621	97 37 40 
177181	87 37 00 
177182	97 3a 41 
178196	87 3a 00 
178197	97 3c 43 
179211	87 3c 00 
179212	97 37 41 
180769	87 37 00 
180770	97 37 40 
182292	87 37 00 
182293	97 35 43 
183307	87 35 00 
183308	97 36 41 
184319	87 36 00 
184324	97 37 45 
185878	87 37 00 
185879	97 37 40 
187403	87 37 00 
187404	97 3a 41 
188415	87 3a 00 
188420	97 3c 45 
189469	87 3c 00 
189470	97 37 41 
190994	87 37 00 
190995	97 37 40 
192511	87 37 00 
192516	97 35 45 
193565	87 35 00 
193566	97 36 41 
194580	87 36 00 
194581	97 37 43 
196100	87 37 00 
196101	97 37 40 
197661	87 37 00 
197662	97 3a 41 
198676	87 3a 00 
198677	97 3c 43 
199691	87 3c 00 
199692	97 37 41 
201249	87 37 00 
201250	97 37 40 
202772	87 37 00 
202773	97 35 43 
203787	87 35 00 
203788	97 36 41 
204799	87 36 00 
204804	97 37 45 
206358	87 37 00 
206359	97 37 40 
207883	87 37 00 
207884	97 3a 41 
208895	87 3a 00 
208900	97 3c 45 
209949	87 3c 00 
209950	97 37 41 
211474	87 37 00 
211475	97 37 40 
212991	87 37 00 
212996	97 35 45 
214045	87 35 00 
214046	97 36 41 
215060	87 36 00 
215061	97 3c 43 
216580	87 3c 00 
216581	97 3c 40 
218141	87 3c 00 
218142	97 3f 41 
219156	87 3f 00 
219157	97 41 43 
220171	87 41 00 
220172	97 3c 41 
221729	87 3c 00 
221730	97 3c 40 
223252	87 3c 00 
223253	97 3a 43 
224267	87 3a 00 
224268	97 3b 41 
225279	87 3b 00 
225284	97 3c 45 
226838	87 3c 00 
226839	97 3c 40 
227348	87 3c 00 
227349	97 3c 43 
228363	87 3c 00 
228364	97 3f 41 
229375	87 3f 00 
229380	97 41 45 
230429	87 41 00 
230430	97 3c 41 
231954	87 3c 00 
231955	97 3c 40 
233471	87 3c 00 
233476	97 35 45 
234525	87 35 00 
234526	97 36 41 
235540	87 36 00 
235541	97 37 43 
237060	87 37 00 
237061	97 37 40 
238621	87 37 00 
238622	97 3a 41 
239636	87 3a 00 
239637	97 3c 43 
240651	87 3c 00 
240652	97 37 41 
242209	87 37 00 
242210	97 37 40 
243732	87 37 00 
243733	97 35 43 
244747	87 35 00 
244748	97 36 41 
245759	87 36 00 
245764	97 37 45 
247318	87 37 00 
247319	97 37 40 
248843	87 37 00 
248844	97 3a 41 
249855	87 3a 00 
249860	97 3c 45 
250909	87 3c 00 
250910	97 3f 41 
252434	87 3f 00 
252435	97 3f 40 
253951	87 3f 00 
253956	97 40 45 
255005	87 40 00 
255006	97 42 41 
256020	87 42 00 
256021	97 3f 43 
257540	87 3f 00 
257541	97 3f 40 
259101	87 3f 00 
259102	97 40 41 
260116	87 40 00 
260117	97 42 43 
261131	87 42 00 
261132	97 3f 41 
262689	87 3f 00 
262690	97 3f 40 
264212	87 3f 00 
264213	97 40 43 
265227	87 40 00 
265228	97 42 41 
266239	87 42 00 
266244	97 3f 45 
267293	87 3f 00 
270340	97 39 45 
271389	87 39 00 
272405	97 42 43 
273419	87 42 00 
273420	97 44 41 
276500	87 44 00 
276501	97 43 43 
276748	87 43 00 
276764	97 41 40 
276995	87 41 00 
277011	97 3e 40 
277243	87 3e 00 
277259	97 3c 40 
277500	87 3c 00 
277516	97 3b 41 
277990	87 3b 00 
278021	97 37 40 
278497	87 37 00 
282625	ff 2f 00 

Track 2
0	ff 09 16 53 6d 61 72 74 4d 75 73 69 63 20 53 6f 66 74 53 79 6e 74 68 20 31 
0	ff 03 05 50 69 61 6e 6f 
0	c8 00 
0	b8 07 65 
0	b8 0a 40 
0	b8 07 66 
0	b8 07 6e 
10173	b8 07 66 
10173	b8 07 6e 
10261	98 43 43 
10261	98 2b 3b 
10261	98 37 45 
11780	88 2b 00 
11780	88 37 00 
11780	88 43 00 
11781	98 43 40 
11781	98 2b 38 
11781	98 37 42 
13341	88 37 00 
13341	88 43 00 
13341	88 2b 00 
13342	98 3a 47 
13342	98 46 41 
13342	98 2e 39 
14356	88 46 00 
14356	88 2e 00 
14356	88 3a 00 
14357	98 30 3b 
14357	98 3c 49 
15371	88 30 00 
15371	88 3c 00 
15372	98 43 41 
15372	98 2b 39 
15372	98 37 47 
16929	88 43 00 
16929	88 2b 00 
16929	88 37 00 
16930	98 37 46 
16930	98 43 40 
16930	98 2b 38 
18452	88 43 00 
18452	88 2b 00 
18452	88 37 00 
18453	98 35 49 
18453	98 41 43 
18453	98 29 3b 
19467	88 41 00 
19467	88 29 00 
19467	88 35 00 
19468	98 42 41 
19468	98 2a 39 
19468	98 36 47 
20479	88 42 00 
20479	88 2a 00 
20479	88 36 00 
20484	98 43 45 
20484	98 2b 3d 
20484	98 37 4b 
22038	88 43 00 
22038	88 2b 00 
22038	88 37 00 
22039	98 43 40 
22039	98 2b 38 
22039	98 37 42 
23563	88 2b 00 
23563	88 37 00 
23563	88 43 00 
23564	98 46 41 
23564	98 2e 39 
23564	98 3a 47 
24575	88 46 00 
24575	88 2e 00 
24575	88 3a 00 
24580	98 30 3d 
24580	98 3c 4b 
25629	88 30 00 
25629	88 3c 00 
25630	98 43 41 
25630	98 2b 39 
25630	98 37 47 
27154	88 2b 00 
27154	88 37 00 
27154	88 43 00 
27155	98 43 40 
27155	98 2b 38 
27155	98 37 46 
28671	88 37 00 
28671	88 43 00 
28671	88 2b 00 
28676	98 41 45 
28676	98 29 3d 
28676	98 35 4b 
29725	88 41 00 
29725	88 29 00 
29725	88 35 00 
29726	98 36 47 
29726	98 42 41 
29726	98 2a 39 
30740	88 42 00 
30740	88 2a 00 
30740	88 36 00 
30741	98 43 43 
30741	98 2b 3b 
30741	98 37 49 
32260	88 37 00 
32260	88 43 00 
32260	88 2b 00 
32261	98 43 40 
32261	98 2b 38 
32261	98 37 42 
33821	88 43 00 
33821	88 2b 00 
33821	88 37 00 
33822	98 46 41 
33822	98 2e 39 
33822	98 3a 47 
34836	88 46 00 
34836	88 2e 00 
34836	88 3a 00 
34837	98 30 3b 
34837	98 3c 49 
35851	88 30 00 
35851	88 3c 00 
35852	98 37 47 
35852	98 43 41 
35852	98 2b 39 
37409	88 2b 00 
37409	88 37 00 
37409	88 43 00 
37410	98 43 40 
37410	98 2b 38 
37410	98 37 46 
38932	88 43 00 
38932	88 2b 00 
38932	88 37 00 
38933	98 41 43 
38933	98 29 3b 
38933	98 35 49 
39947	88 41 00 
39947	88 29 00 
39947	88 35 00 
39948	98 42 41 
39948	98 2a 39 
39948	98 36 47 
40959	88 42 00 
40959	88 2a 00 
40959	88 36 00 
40964	98 43 45 
40964	98 2b 3d 
40964	98 37 4b 
42518	88 37 00 
42518	88 43 00 
42518	88 2b 00 
42519	98 2b 38 
42519	98 37 42 
42519	98 43 40 
44043	88 37 00 
44043	88 43 00 
44043	88 2b 00 
44044	98 46 41 
44044	98 2e 39 
44044	98 3a 47 
45055	88 46 00 
45055	88 2e 00 
45055	88 3a 00 
45060	98 30 3d 
45060	98 3c 4b 
46109	88 30 00 
46109	88 3c 00 
46110	98 43 41 
46110	98 2b 39 
46110	98 37 47 
47634	88 2b 00 
47634	88 37 00 
47634	88 43 00 
47635	98 43 40 
47635	98 2b 38 
47635	98 37 46 
49151	88 2b 00 
49151	88 37 00 
49151	88 43 00 
49156	98 41 45 
49156	98 29 3d 
49156	98 35 4b 
50205	88 41 00 
50205	88 29 00 
50205	88 35 00 
50206	98 42 41 
50206	98 2a 39 
50206	98 36 47 
51220	88 42 00 
51220	88 2a 00 
51220	88 36 00 
51221	98 43 43 
51221	98 2b 3b 
51221	98 37 49 
52740	88 43 00 
52740	88 2b 00 
52740	88 37 00 
52741	98 43 40 
52741	98 2b 38 
52741	98 37 42 
54301	88 43 00 
54301	88 2b 00 
54301	88 37 00 
54302	98 2e 39 
54302	98 3a 47 
54302	98 46 41 
55316	88 46 00 
55316	88 2e 00 
55316	88 3a 00 
55317	98 30 3b 
55317	98 3c 49 
56331	88 30 00 
56331	88 3c 00 
56332	98 37 47 
56332	98 43 41 
56332	98 2b 39 
57889	88 43 00 
57889	88 2b 00 
57889	88 37 00 
57890	98 43 40 
57890	98 2b 38 
57890	98 37 46 
59412	88 43 00 
59412	88 2b 00 
59412	88 37 00 
59413	98 41 43 
59413	98 29 3b 
59413	98 35 49 
60427	88 41 00 
60427	88 29 00 
60427	88 35 00 
60428	98 42 41 
60428	98 2a 39 
60428	98 36 47 
61439	88 42 00 
61439	88 2a 00 
61439	88 36 00 
61444	98 37 4b 
61444	98 43 45 
61444	98 2b 3d 
62998	88 43 00 
62998	88 2b 00 
62998	88 37 00 
62999	98 43 40 
62999	98 2b 38 
62999	98 37 42 
64523	88 43 00 
64523	88 2b 00 
64523	88 37 00 
64524	98 46 41 
64524	98 2e 39 
64524	98 3a 47 
65535	88 46 00 
65535	88 2e 00 
65535	88 3a 00 
65540	98 30 3d 
65540	98 3c 4b 
66589	88 30 00 
66589	88 3c 00 
66590	98 43 41 
66590	98 2b 39 
66590	98 37 47 
68114	88 43 00 
68114	88 2b 00 
68114	88 37 00 
68115	98 43 40 
68115	98 2b 38 
68115	98 37 46 
69631	88 43 00 
69631	88 2b 00 
69631	88 37 00 
69636	98 29 3d 
69636	98 35 4b 
69636	98 41 45 
70685	88 41 00 
70685	88 29 00 
70685	88 35 00 
70686	98 42 41 
70686	98 2a 39 
70686	98 36 47 
71700	88 42 00 
71700	88 2a 00 
71700	88 36 00 
71701	98 43 43 
71701	98 2b 3b 
71701	98 37 49 
73220	88 43 00 
73220	88 2b 00 
73220	88 37 00 
73221	98 2b 38 
73221	98 37 42 
73221	98 43 40 
74781	88 43 00 
74781	88 2b 00 
74781	88 37 00 
74782	98 46 41 
74782	98 2e 39 
74782	98 3a 47 
75796	88 46 00 
75796	88 2e 00 
75796	88 3a 00 
75797	98 30 3b 
75797	98 3c 49 
76811	88 30 00 
76811	88 3c 00 
76812	98 43 41 
76812	98 2b 39 
76812	98 37 47 
78369	88 2b 00 
78369	88 37 00 
78369	88 43 00 
78370	98 43 40 
78370	98 2b 38 
78370	98 37 46 
79892	88 2b 00 
79892	88 37 00 
79892	88 43 00 
79893	98 41 43 
79893	98 29 3b 
79893	98 35 49 
80907	88 35 00 
80907	88 41 00 
80907	88 29 00 
80908	98 42 41 
80908	98 2a 39 
80908	98 36 47 
81919	88 42 00 
81919	88 2a 00 
81919	88 36 00 
81924	98 3c 45 
81924	98 24 3b 
81924	98 30 4b 
83478	88 3c 00 
83478	88 24 00 
83478	88 30 00 
83479	98 3c 40 
83479	98 24 36 
83479	98 30 46 
85003	88 24 00 
85003	88 30 00 
85003	88 3c 00 
85004	98 3f 41 
85004	98 27 38 
85004	98 33 47 
86015	88 3f 00 
86015	88 27 00 
86015	88 33 00 
86020	98 41 45 
86020	98 29 3d 
86020	98 35 4b 
87069	88 29 00 
87069	88 35 00 
87069	88 41 00 
87070	98 3c 41 
87070	98 24 37 
87070	98 30 47 
88594	88 3c 00 
88594	88 24 00 
88594	88 30 00 
88595	98 3c 40 
88595	98 24 36 
88595	98 30 46 
90111	88 3c 00 
90111	88 24 00 
90111	88 30 00 
90116	98 2e 3d 
90116	98 3a 4b 
90116	98 46 45 
91165	88 46 00 
91165	88 2e 00 
91165	88 3a 00 
91166	98 3b 47 
91166	98 47 41 
91166	98 2f 39 
92180	88 47 00 
92180	88 2f 00 
92180	88 3b 00 
92181	98 48 43 
92181	98 30 3b 
92181	98 3c 49 
93700	88 48 00 
93700	88 30 00 
93700	88 3c 00 
93701	98 48 40 
93701	98 30 38 
93701	98 3c 42 
95261	88 48 00 
95261	88 30 00 
95261	88 3c 00 
95262	98 33 39 
95262	98 3f 47 
95262	98 4b 41 
96276	88 4b 00 
96276	88 33 00 
96276	88 3f 00 
96277	98 4d 43 
96277	98 35 3b 
96277	98 41 49 
97291	88 4d 00 
97291	88 35 00 
97291	88 41 00 
97292	98 48 41 
97292	98 30 39 
97292	98 3c 47 
98849	88 48 00 
98849	88 30 00 
98849	88 3c 00 
98850	98 3c 46 
98850	98 48 40 
98850	98 30 38 
100372	88 48 00 
100372	88 30 00 
100372	88 3c 00 
100373	98 41 43 
100373	98 29 3b 
100373	98 35 49 
101387	88 41 00 
101387	88 29 00 
101387	88 35 00 
101388	98 42 41 
101388	98 2a 39 
101388	98 36 47 
102399	88 36 00 
102399	88 42 00 
102399	88 2a 00 
102404	98 43 45 
102404	98 2b 3d 
102404	98 37 4b 
103958	88 43 00 
103958	88 2b 00 
103958	88 37 00 
103959	98 43 40 
103959	98 2b 38 
103959	98 37 42 
105483	88 43 00 
105483	88 2b 00 
105483	88 37 00 
105484	98 3a 47 
105484	98 46 41 
105484	98 2e 39 
106495	88 46 00 
106495	88 2e 00 
106495	88 3a 00 
106500	98 3c 4b 
106500	98 48 45 
106500	98 30 3d 
107549	88 48 00 
107549	88 30 00 
107549	88 3c 00 
107550	98 37 47 
107550	98 43 41 
107550	98 2b 39 
109074	88 43 00 
109074	88 2b 00 
109074	88 37 00 
109075	98 2b 38 
109075	98 37 46 
109075	98 43 40 
110591	88 37 00 
110591	88 43 00 
110591	88 2b 00 
110596	98 41 45 
110596	98 29 3d 
110596	98 35 4b 
111645	88 41 00 
111645	88 29 00 
111645	88 35 00 
111646	98 36 47 
111646	98 42 41 
111646	98 2a 39 
112660	88 36 00 
112660	88 42 00 
112660	88 2a 00 
112661	98 43 43 
112661	98 2b 3b 
112661	98 37 49 
114180	88 2b 00 
114180	88 37 00 
114180	88 43 00 
114181	98 43 40 
114181	98 2b 38 
114181	98 37 42 
114687	88 2b 00 
114687	88 37 00 
114692	98 2b 3d 
114692	98 37 4b 
115741	88 2b 00 
115741	88 37 00 
115741	88 43 00 
115742	98 2e 39 
115742	98 3a 47 
115742	98 46 41 
116756	88 46 00 
116756	88 2e 00 
116756	88 3a 00 
116757	98 3c 49 
116757	98 48 43 
116757	98 30 3b 
117771	88 48 00 
117771	88 30 00 
117771	88 3c 00 
117772	98 2b 39 
117772	98 37 47 
117772	98 43 41 
119329	88 37 00 
119329	88 43 00 
119329	88 2b 00 
119330	98 43 40 
119330	98 2b 38 
119330	98 37 46 
120852	88 43 00 
120852	88 2b 00 
120852	88 37 00 
120853	98 41 43 
120853	98 29 3b 
120853	98 35 49 
121867	88 41 00 
121867	88 29 00 
121867	88 35 00 
121868	98 36 47 
121868	98 42 41 
121868	98 2a 39 
122879	88 42 00 
122879	88 2a 00 
122879	88 36 00 
122884	98 3f 45 
122884	98 27 3c 
122884	98 33 4b 
123933	88 27 00 
123933	88 33 00 
124438	88 3f 00 
124439	98 3f 40 
124439	98 27 37 
124439	98 33 42 
125963	88 3f 00 
125963	88 27 00 
125963	88 33 00 
125964	98 40 41 
125964	98 28 38 
125964	98 34 47 
126975	88 28 00 
126975	88 34 00 
126975	88 40 00 
126980	98 36 4b 
126980	98 42 45 
126980	98 2a 3d 
128029	88 42 00 
128029	88 2a 00 
128029	88 36 00 
128030	98 3f 41 
128030	98 27 38 
128030	98 33 47 
129044	88 27 00 
129044	88 33 00 
129554	88 3f 00 
129555	98 3f 40 
129555	98 27 37 
129555	98 33 46 
131071	88 27 00 
131071	88 33 00 
131071	88 3f 00 
131076	98 40 45 
131076	98 28 3c 
131076	98 34 4b 
132125	88 40 00 
132125	88 28 00 
132125	88 34 00 
132126	98 42 41 
132126	98 2a 39 
132126	98 36 47 
133140	88 36 00 
133140	88 42 00 
133140	88 2a 00 
133141	98 3f 43 
133141	98 33 43 
134155	88 3f 00 
134155	88 33 00 
134356	b8 07 66 
134356	b8 07 6e 
143293	b8 07 66 
143293	b8 07 6e 
143364	98 43 45 
143364	98 2b 3d 
143364	98 37 47 
144918	88 43 00 
144918	88 2b 00 
144918	88 37 00 
144919	98 43 40 
144919	98 2b 38 
144919	98 37 42 
146443	88 43 00 
146443	88 2b 00 
146443	88 37 00 
146444	98 46 41 
146444	98 2e 39 
146444	98 3a 47 
147455	88 46 00 
147455	88 2e 00 
147455	88 3a 00 
147460	98 30 3d 
147460	98 3c 4b 
148509	88 30 00 
148509	88 3c 00 
148510	98 43 41 
148510	98 2b 39 
148510	98 37 47 
150034	88 43 00 
150034	88 2b 00 
150034	88 37 00 
150035	98 43 40 
150035	98 2b 38 
150035	98 37 46 
151551	88 43 00 
151551	88 2b 00 
151551	88 37 00 
151556	98 41 45 
151556	98 29 3d 
151556	98 35 4b 
152605	88 41 00 
152605	88 29 00 
152605	88 35 00 
152606	98 42 41 
152606	98 2a 39 
152606	98 36 47 
153620	88 42 00 
153620	88 2a 00 
153620	88 36 00 
153621	98 43 43 
153621	98 2b 3b 
153621	98 37 49 
155140	88 2b 00 
155140	88 37 00 
155140	88 43 00 
155141	98 43 40 
155141	98 2b 38 
155141	98 37 42 
155647	88 2b 00 
155647	88 37 00 
155652	98 2b 3d 
155652	98 37 4b 
156701	88 2b 00 
156701	88 37 00 
156701	88 43 00 
156702	98 46 41 
156702	98 2e 39 
156702	98 3a 47 
157716	88 46 00 
157716	88 2e 00 
157716	88 3a 00 
157717	98 30 3b 
157717	98 3c 49 
158731	88 30 00 
158731	88 3c 00 
158732	98 43 41 
158732	98 2b 39 
158732	98 37 47 
160289	88 43 00 
160289	88 2b 00 
160289	88 37 00 
160290	98 43 40 
160290	98 2b 38 
160290	98 37 46 
161812	88 43 00 
161812	88 2b 00 
161812	88 37 00 
161813	98 41 43 
161813	98 29 3b 
161813	98 35 49 
162827	88 35 00 
162827	88 41 00 
162827	88 29 00 
162828	98 42 41 
162828	98 2a 39 
162828	98 36 47 
163839	88 2a 00 
163839	88 36 00 
163839	88 42 00 
163844	98 2b 3d 
163844	98 37 4b 
163844	98 43 45 
165398	88 43 00 
165398	88 2b 00 
165398	88 37 00 
165399	98 43 40 
165399	98 2b 38 
165399	98 37 42 
166923	88 43 00 
166923	88 2b 00 
166923	88 37 00 
166924	98 46 41 
166924	98 2e 39 
166924	98 3a 47 
167935	88 3a 00 
167935	88 46 00 
167935	88 2e 00 
167940	98 30 3d 
167940	98 3c 4b 
168989	88 30 00 
168989	88 3c 00 
168990	98 43 41 
168990	98 2b 39 
168990	98 37 47 
170514	88 43 00 
170514	88 2b 00 
170514	88 37 00 
170515	98 43 40 
170515	98 2b 38 
170515	98 37 46 
172031	88 43 00 
172031	88 2b 00 
172031	88 37 00 
172036	98 41 45 
172036	98 29 3d 
172036	98 35 4b 
173085	88 35 00 
173085	88 41 00 
173085	88 29 00 
173086	98 2a 39 
173086	98 36 47 
173086	98 42 41 
174100	88 42 00 
174100	88 2a 00 
174100	88 36 00 
174101	98 43 43 
174101	98 2b 3b 
174101	98 37 49 
175620	88 2b 00 
175620	88 37 00 
175620	88 43 00 
175621	98 37 42 
175621	98 43 40 
175621	98 2b 38 
176127	88 2b 00 
176127	88 37 00 
176132	98 2b 3d 
176132	98 37 4b 
177181	88 43 00 
177181	88 2b 00 
177181	88 37 00 
177182	98 3a 47 
177182	98 46 41 
177182	98 2e 39 
178196	88 46 00 
178196	88 2e 00 
178196	88 3a 00 
178197	98 30 3b 
178197	98 3c 49 
179211	88 30 00 
179211	88 3c 00 
179212	98 43 41 
179212	98 2b 39 
179212	98 37 47 
180769	88 37 00 
180769	88 43 00 
180769	88 2b 00 
180770	98 43 40 
180770	98 2b 38 
180770	98 37 46 
182292	88 43 00 
182292	88 2b 00 
182292	88 37 00 
182293	98 41 43 
182293	98 29 3b 
182293	98 35 49 
183307	88 35 00 
183307	88 41 00 
183307	88 29 00 
183308	98 36 47 
183308	98 42 41 
183308	98 2a 39 
184319	88 42 00 
184319	88 2a 00 
184319	88 36 00 
184324	98 43 45 
184324	98 2b 3d 
184324	98 37 4b 
185878	88 2b 00 
185878	88 37 00 
185878	88 43 00 
185879	98 43 40 
185879	98 2b 38 
185879	98 37 42 
187403	88 43 00 
187403	88 2b 00 
187403	88 37 00 
187404	98 46 41 
187404	98 2e 39 
187404	98 3a 47 
188415	88 46 00 
188415	88 2e 00 
188415	88 3a 00 
188420	98 30 3d 
188420	98 3c 4b 
189469	88 30 00 
189469	88 3c 00 
189470	98 37 47 
189470	98 43 41 
189470	98 2b 39 
190994	88 43 00 
190994	88 2b 00 
190994	88 37 00 
190995	98 43 40 
190995	98 2b 38 
190995	98 37 46 
192511	88 37 00 
192511	88 43 00 
192511	88 2b 00 
192516	98 29 3d 
192516	98 35 4b 
192516	98 41 45 
193565	88 41 00 
193565	88 29 00 
193565	88 35 00 
193566	98 42 41 
193566	98 2a 39 
193566	98 36 47 
194580	88 36 00 
194580	88 42 00 
194580	88 2a 00 
194581	98 37 49 
194581	98 43 43 
194581	98 2b 3b 
196100	88 43 00 
196100	88 2b 00 
196100	88 37 00 
196101	98 43 40 
196101	98 2b 38 
196101	98 37 42 
196607	88 2b 00 
196607	88 37 00 
196612	98 2b 3d 
196612	98 37 4b 
197661	88 43 00 
197661	88 2b 00 
197661	88 37 00 
197662	98 46 41 
197662	98 2e 39 
197662	98 3a 47 
198676	88 46 00 
198676	88 2e 00 
198676	88 3a 00 
198677	98 30 3b 
198677	98 3c 49 
199691	88 30 00 
199691	88 3c 00 
199692	98 43 41 
199692	98 2b 39 
199692	98 37 47 
201249	88 43 00 
201249	88 2b 00 
201249	88 37 00 
201250	98 43 40 
201250	98 2b 38 
201250	98 37 46 
202772	88 43 00 
202772	88 2b 00 
202772	88 37 00 
202773	98 41 43 
202773	98 29 3b 
202773	98 35 49 
203787	88 41 00 
203787	88 29 00 
203787	88 35 00 
203788	98 42 41 
203788	98 2a 39 
203788	98 36 47 
204799	88 2a 00 
204799	88 36 00 
204799	88 42 00 
204804	98 43 45 
204804	98 2b 3d 
204804	98 37 4b 
206358	88 43 00 
206358	88 2b 00 
206358	88 37 00 
206359	98 43 40 
206359	98 2b 38 
206359	98 37 42 
207883	88 43 00 
207883	88 2b 00 
207883	88 37 00 
207884	98 46 41 
207884	98 2e 39 
207884	98 3a 47 
208895	88 46 00 
208895	88 2e 00 
208895	88 3a 00 
208900	98 30 3d 
208900	98 3c 4b 
208900	98 48 45 
209949	88 48 00 
209949	88 30 00 
209949	88 3c 00 
209950	98 2b 39 
209950	98 37 47 
209950	98 43 41 
211474	88 2b 00 
211474	88 37 00 
211474	88 43 00 
211475	98 2b 38 
211475	98 37 46 
211475	98 43 40 
212991	88 43 00 
212991	88 2b 00 
212991	88 37 00 
212996	98 41 45 
212996	98 29 3d 
212996	98 35 4b 
214045	88 41 00 
214045	88 29 00 
214045	88 35 00 
214046	98 36 47 
214046	98 42 41 
214046	98 2a 39 
215060	88 36 00 
215060	88 42 00 
215060	88 2a 00 
215061	98 30 3b 
215061	98 3c 49 
215061	98 48 43 
216580	88 48 00 
216580	88 30 00 
216580	88 3c 00 
216581	98 48 40 
216581	98 30 38 
216581	98 3c 42 
218141	88 48 00 
218141	88 30 00 
218141	88 3c 00 
218142	98 3f 47 
218142	98 4b 41 
218142	98 33 39 
219156	88 33 00 
219156	88 3f 00 
219156	88 4b 00 
219157	98 4d 43 
219157	98 35 3b 
219157	98 41 49 
220171	88 4d 00 
220171	88 35 00 
220171	88 41 00 
220172	98 48 41 
220172	98 30 39 
220172	98 3c 47 
221729	88 30 00 
221729	88 3c 00 
221729	88 48 00 
221730	98 48 40 
221730	98 30 38 
221730	98 3c 46 
223252	88 48 00 
223252	88 30 00 
223252	88 3c 00 
223253	98 46 43 
223253	98 2e 3b 
223253	98 3a 49 
224267	88 46 00 
224267	88 2e 00 
224267	88 3a 00 
224268	98 2f 39 
224268	98 3b 47 
224268	98 47 41 
225279	88 47 00 
225279	88 2f 00 
225279	88 3b 00 
225284	98 3c 4b 
225284	98 48 45 
225284	98 30 3d 
226838	88 48 00 
226838	88 30 00 
226838	88 3c 00 
226839	98 48 40 
226839	98 30 38 
226839	98 3c 42 
228363	88 48 00 
228363	88 30 00 
228363	88 3c 00 
228364	98 4b 41 
228364	98 33 39 
228364	98 3f 47 
229375	88 4b 00 
229375	88 33 00 
229375	88 3f 00 
229380	98 4d 45 
229380	98 35 3d 
229380	98 41 4b 
230429	88 4d 00 
230429	88 35 00 
230429	88 41 00 
230430	98 48 41 
230430	98 30 39 
230430	98 3c 47 
231954	88 48 00 
231954	88 30 00 
231954	88 3c 00 
231955	98 48 40 
231955	98 30 38 
231955	98 3c 46 
233471	88 48 00 
233471	88 30 00 
233471	88 3c 00 
233476	98 41 45 
233476	98 29 3d 
233476	98 35 4b 
234525	88 41 00 
234525	88 29 00 
234525	88 35 00 
234526	98 36 47 
234526	98 42 41 
234526	98 2a 39 
235540	88 42 00 
235540	88 2a 00 
235540	88 36 00 
235541	98 43 43 
235541	98 2b 3b 
235541	98 37 49 
237060	88 43 00 
237060	88 2b 00 
237060	88 37 00 
237061	98 43 40 
237061	98 2b 38 
237061	98 37 42 
238621	88 43 00 
238621	88 2b 00 
238621	88 37 00 
238622	98 3a 47 
238622	98 46 41 
238622	98 2e 39 
239636	88 3a 00 
239636	88 46 00 
239636	88 2e 00 
239637	98 48 43 
239637	98 30 3b 
239637	98 3c 49 
240651	88 48 00 
240651	88 30 00 
240651	88 3c 00 
240652	98 2b 39 
240652	98 37 47 
240652	98 43 41 
242209	88 43 00 
242209	88 2b 00 
242209	88 37 00 
242210	98 43 40 
242210	98 2b 38 
242210	98 37 46 
243732	88 43 00 
243732	88 2b 00 
243732	88 37 00 
243733	98 41 43 
243733	98 29 3b 
243733	98 35 49 
244747	88 29 00 
244747	88 35 00 
244747	88 41 00 
244748	98 42 41 
244748	98 2a 39 
244748	98 36 47 
245759	88 42 00 
245759	88 2a 00 
245759	88 36 00 
245764	98 43 45 
245764	98 2b 3d 
245764	98 37 4b 
247318	88 43 00 
247318	88 2b 00 
247318	88 37 00 
247319	98 43 40 
247319	98 2b 38 
247319	98 37 42 
248843	88 43 00 
248843	88 2b 00 
248843	88 37 00 
248844	98 46 41 
248844	98 2e 39 
248844	98 3a 47 
249855	88 46 00 
249855	88 2e 00 
249855	88 3a 00 
249860	98 48 45 
249860	98 30 45 
250909	88 48 00 
250909	88 30 00 
250910	98 3f 39 
250910	98 4b 43 
250910	98 27 38 
250910	98 33 43 
251924	88 33 00 
251924	88 27 00 
251924	88 4b 00 
251924	88 3f 00 
252435	98 27 37 
252435	98 3f 38 
252435	98 4b 46 
252435	98 33 46 
253951	88 3f 00 
253951	88 4b 00 
253951	88 27 00 
253951	88 33 00 
253956	98 34 4b 
253956	98 28 3c 
253956	98 4c 4b 
253956	98 40 3d 
255005	88 28 00 
255005	88 34 00 
255005	88 40 00 
255005	88 4c 00 
255006	98 4e 47 
255006	98 2a 39 
255006	98 42 39 
255006	98 36 47 
256020	88 42 00 
256020	88 4e 00 
256020	88 2a 00 
256020	88 36 00 
256021	98 4b 49 
256021	98 3f 3b 
256021	98 33 49 
256021	98 27 3a 
257035	88 3f 00 
257035	88 4b 00 
257035	88 27 00 
257035	88 33 00 
257541	98 27 37 
257541	98 33 42 
257541	98 3f 38 
257541	98 4b 42 
259101	88 3f 00 
259101	88 4b 00 
259101	88 27 00 
259101	88 33 00 
259102	98 34 47 
259102	98 4c 47 
259102	98 40 39 
259102	98 28 38 
260116	88 40 00 
260116	88 4c 00 
260116	88 28 00 
260116	88 34 00 
260117	98 42 3b 
260117	98 4e 49 
260117	98 2a 3b 
260117	98 36 49 
261131	88 36 00 
261131	88 42 00 
261131	88 2a 00 
261131	88 4e 00 
261132	98 27 38 
261132	98 3f 39 
261132	98 4b 47 
261132	98 33 47 
262143	88 27 00 
262143	88 33 00 
262143	88 3f 00 
262143	88 4b 00 
262690	98 33 46 
262690	98 3f 38 
262690	98 27 37 
262690	98 4b 46 
264212	88 33 00 
264212	88 27 00 
264212	88 4b 00 
264212	88 3f 00 
264213	98 4c 49 
264213	98 40 3b 
264213	98 34 49 
264213	98 28 3a 
265227	88 40 00 
265227	88 4c 00 
265227	88 28 00 
265227	88 34 00 
265228	98 2a 39 
265228	98 42 39 
265228	98 4e 47 
265228	98 36 47 
266239	88 36 00 
266239	88 2a 00 
266239	88 4e 00 
266239	88 42 00 
266244	98 4b 45 
266244	98 33 45 
267293	88 4b 00 
267293	88 33 00 
267476	b8 07 66 
267476	b8 07 6e 
272317	b8 07 66 
272317	b8 07 6e 
272405	98 4e 49 
272405	98 2a 3b 
272405	98 42 3b 
272405	98 36 49 
273419	88 42 00 
273419	88 4e 00 
273419	88 2a 00 
273419	88 36 00 
273420	98 50 47 
273420	98 44 39 
273420	98 38 47 
273420	98 2c 39 
276500	88 50 00 
276500	88 44 00 
276500	88 38 00 
276500	88 2c 00 
276501	98 4f 43 
276501	98 37 43 
276748	88 4f 00 
276748	88 37 00 
276764	98 41 38 
276764	98 4d 46 
276764	98 29 38 
276764	98 35 46 
276995	88 41 00 
276995	88 29 00 
277010	88 4d 00 
277010	88 35 00 
277011	98 40 38 
277011	98 32 46 
277011	98 4a 46 
277011	98 28 37 
277243	88 40 00 
277243	88 28 00 
277258	88 4a 00 
277258	88 32 00 
277259	98 3e 38 
277259	98 48 46 
277259	98 26 37 
277259	98 30 46 
277500	88 3e 00 
277500	88 26 00 
277515	88 48 00 
277515	88 30 00 
277516	98 24 37 
277516	98 3c 39 
277516	98 2f 47 
277516	98 45 39 
277516	98 47 47 
277516	98 2d 39 
277757	88 24 00 
277757	88 2d 00 
277757	88 3c 00 
277757	88 45 00 
277772	88 47 00 
277772	88 2f 00 
277773	98 3b 40 
277773	98 23 3e 
278005	88 3b 00 
278005	88 23 00 
278021	98 43 40 
278021	98 2b 40 
278497	88 43 00 
278497	88 2b 00 
278740	b8 07 66 
278740	b8 07 6e 
282625	ff 2f 00 

Track 3
0	ff 09 16 53 6d 61 72 74 4d 75 73 69 63 20 53 6f 66 74 53 79 6e 74 68 20 31 
0	ff 03 08 44 72 75 6d 20 53 65 74 
0	b9 0a 78 
0	c9 00 
0	b9 07 65 
0	b9 07 58 
10	99 3f 45 
1053	89 3f 00 
1559	99 3e 40 
2068	89 3e 00 
3112	99 3f 41 
4095	89 3f 00 
4100	99 3f 45 
5149	89 3f 00 
5150	99 3e 41 
6164	89 3e 00 
6675	99 3e 40 
7179	89 3e 00 
7685	99 3e 40 
8191	89 3e 00 
8200	99 3f 45 
9245	89 3f 00 
9246	99 3f 41 
10260	89 3f 00 
10261	99 3e 43 
11275	89 3e 00 
11781	99 3e 40 
12287	89 3e 00 
13350	99 3f 41 
14356	89 3f 00 
14357	99 3f 43 
15371	89 3f 00 
15372	99 3e 41 
16383	89 3e 00 
16930	99 3e 40 
17437	89 3e 00 
17943	99 3e 40 
18452	89 3e 00 
18468	99 3f 43 
19467	89 3f 00 
19468	99 3f 41 
20479	89 3f 00 
20484	99 3e 45 
21533	89 3e 00 
22039	99 3e 40 
22548	89 3e 00 
23580	99 3f 41 
24575	89 3f 00 
24580	99 3f 45 
25629	89 3f 00 
25630	99 3e 41 
26644	89 3e 00 
27155	99 3e 40 
27659	89 3e 00 
28165	99 3e 40 
28671	89 3e 00 
28698	99 3f 45 
29725	89 3f 00 
29726	99 3f 41 
30740	89 3f 00 
30741	99 3e 43 
31755	89 3e 00 
32261	99 3e 40 
32767	89 3e 00 
33834	99 3f 41 
34836	89 3f 00 
34837	99 3f 43 
35851	89 3f 00 
35852	99 3e 41 
36863	89 3e 00 
37410	99 3e 40 
37917	89 3e 00 
38423	99 3e 40 
38932	89 3e 00 
38940	99 3f 43 
39947	89 3f 00 
39948	99 3f 41 
40959	89 3f 00 
40964	99 3e 45 
42013	89 3e 00 
42519	99 3e 40 
43028	89 3e 00 
44059	99 3f 41 
45055	89 3f 00 
45060	99 3f 45 
46109	89 3f 00 
46110	99 3e 41 
47124	89 3e 00 
47635	99 3e 40 
48139	89 3e 00 
48645	99 3e 40 
49151	89 3e 00 
49160	99 3f 45 
50205	89 3f 00 
50206	99 3f 41 
50223	99 56 41 
50463	89 3f 00 
50463	89 56 00 
50487	99 56 40 
50958	89 56 00 
50959	99 56 40 
51220	89 56 00 
51221	99 3e 43 
52235	89 3e 00 
52741	99 3e 40 
53247	89 3e 00 
54327	99 3f 41 
55316	89 3f 00 
55317	99 3f 43 
56331	89 3f 00 
56332	99 3e 41 
57343	89 3e 00 
57890	99 3e 40 
58397	89 3e 00 
58903	99 3e 40 
59412	89 3e 00 
59431	99 3f 43 
60427	89 3f 00 
60428	99 3f 41 
61439	89 3f 00 
61444	99 3e 45 
62493	89 3e 00 
62999	99 3e 40 
63508	89 3e 00 
64538	99 3f 41 
65535	89 3f 00 
65540	99 3f 45 
66589	89 3f 00 
66590	99 3e 41 
67604	89 3e 00 
68115	99 3e 40 
68619	89 3e 00 
69125	99 3e 40 
69631	89 3e 00 
69638	99 3f 45 
70685	89 3f 00 
70686	99 3f 41 
71700	89 3f 00 
71701	99 3e 43 
72715	89 3e 00 
73221	99 3e 40 
73727	89 3e 00 
74801	99 3f 41 
75796	89 3f 00 
75797	99 3f 43 
76811	89 3f 00 
76812	99 3e 41 
77823	89 3e 00 
78370	99 3e 40 
78877	89 3e 00 
79383	99 3e 40 
79892	89 3e 00 
79908	99 3f 43 
80907	89 3f 00 
80908	99 3f 41 
81919	89 3f 00 
81924	99 3e 45 
82973	89 3e 00 
83479	99 3e 40 
83988	89 3e 00 
85011	99 3f 41 
86015	89 3f 00 
86020	99 3f 45 
87069	89 3f 00 
87070	99 3e 41 
88084	89 3e 00 
88595	99 3e 40 
89099	89 3e 00 
89605	99 3e 40 
90111	89 3e 00 
90123	99 3f 45 
91165	89 3f 00 
91166	99 3f 41 
92180	89 3f 00 
92181	99 3e 43 
93195	89 3e 00 
93701	99 3e 40 
94207	89 3e 00 
95272	99 3f 41 
96276	89 3f 00 
96277	99 3f 43 
97291	89 3f 00 
97292	99 3e 41 
98303	89 3e 00 
98850	99 3e 40 
99357	89 3e 00 
99863	99 3e 40 
100372	89 3e 00 
100389	99 3f 43 
101387	89 3f 00 
101388	99 3f 41 
102399	89 3f 00 
102404	99 3e 45 
103453	89 3e 00 
103959	99 3e 40 
104468	89 3e 00 
105508	99 3f 41 
106495	89 3f 00 
106500	99 3f 45 
107549	89 3f 00 
107550	99 3e 41 
108564	89 3e 00 
109075	99 3e 40 
109579	89 3e 00 
110085	99 3e 40 
110591	89 3e 00 
110622	99 3f 45 
111645	89 3f 00 
111646	99 3f 41 
112660	89 3f 00 
112661	99 3e 43 
113675	89 3e 00 
114181	99 3e 40 
114687	89 3e 00 
115750	99 3f 41 
116756	89 3f 00 
116757	99 3f 43 
117771	89 3f 00 
117772	99 3e 41 
118783	89 3e 00 
119330	99 3e 40 
119837	89 3e 00 
120343	99 3e 40 
120852	89 3e 00 
120881	99 3f 43 
121867	89 3f 00 
121868	99 3f 41 
121894	99 56 41 
122124	89 3f 00 
122124	89 56 00 
122138	99 56 40 
122620	89 56 00 
122621	99 56 40 
122879	89 56 00 
122884	99 3e 45 
123933	89 3e 00 
124439	99 3e 40 
124948	89 3e 00 
125990	99 3f 41 
126975	89 3f 00 
126980	99 3f 45 
128029	89 3f 00 
128030	99 3e 41 
129044	89 3e 00 
129555	99 3e 40 
130059	89 3e 00 
130565	99 3e 40 
131071	89 3e 00 
131092	99 3f 45 
132125	89 3f 00 
132126	99 3f 41 
133140	89 3f 00 
133141	99 3e 43 
134155	89 3e 00 
134661	99 3e 40 
135167	89 3e 00 
136222	99 3f 41 
137236	89 3f 00 
137237	99 3f 43 
138251	89 3f 00 
138252	99 3e 41 
139263	89 3e 00 
139810	99 3e 40 
140317	89 3e 00 
140823	99 3e 40 
141332	89 3e 00 
141337	99 3f 43 
142347	89 3f 00 
142348	99 3f 41 
143359	89 3f 00 
143364	99 3e 45 
144413	89 3e 00 
144919	99 3e 40 
145428	89 3e 00 
146466	99 3f 41 
147455	89 3f 00 
147460	99 3f 45 
148509	89 3f 00 
148510	99 3e 41 
149524	89 3e 00 
150035	99 3e 40 
150539	89 3e 00 
151045	99 3e 40 
151551	89 3e 00 
151565	99 3f 45 
152605	89 3f 00 
152606	99 3f 41 
153620	89 3f 00 
153621	99 3e 43 
154635	89 3e 00 
155141	99 3e 40 
155647	89 3e 00 
156710	99 3f 41 
157716	89 3f 00 
157717	99 3f 43 
158731	89 3f 00 
158732	99 3e 41 
159743	89 3e 00 
160290	99 3e 40 
160797	89 3e 00 
161303	99 3e 40 
161812	89 3e 00 
161826	99 3f 43 
162827	89 3f 00 
162828	99 3f 41 
163839	89 3f 00 
163844	99 3e 45 
164893	89 3e 00 
165399	99 3e 40 
165908	89 3e 00 
166926	99 3f 41 
167935	89 3f 00 
167940	99 3f 45 
168989	89 3f 00 
168990	99 3e 41 
170004	89 3e 00 
170515	99 3e 40 
171019	89 3e 00 
171525	99 3e 40 
172031	89 3e 00 
172055	99 3f 45 
173085	89 3f 00 
173086	99 3f 41 
174100	89 3f 00 
174101	99 3e 43 
175115	89 3e 00 
175621	99 3e 40 
176127	89 3e 00 
177194	99 3f 41 
178196	89 3f 00 
178197	99 3f 43 
179211	89 3f 00 
179212	99 3e 41 
180223	89 3e 00 
180770	99 3e 40 
181277	89 3e 00 
181783	99 3e 40 
182292	89 3e 00 
182321	99 3f 43 
183307	89 3f 00 
183308	99 3f 41 
183324	99 56 41 
183564	89 3f 00 
183564	89 56 00 
183575	99 56 40 
184060	89 56 00 
184061	99 56 40 
184319	89 56 00 
184324	99 3e 45 
185373	89 3e 00 
185879	99 3e 40 
186388	89 3e 00 
187415	99 3f 41 
188415	89 3f 00 
188420	99 3f 45 
189469	89 3f 00 
189470	99 3e 41 
190484	89 3e 00 
190995	99 3e 40 
191499	89 3e 00 
192005	99 3e 40 
192511	89 3e 00 
192538	99 3f 45 
193565	89 3f 00 
193566	99 3f 41 
194580	89 3f 00 
194581	99 3e 43 
195595	89 3e 00 
196101	99 3e 40 
196607	89 3e 00 
197691	99 3f 41 
198676	89 3f 00 
198677	99 3f 43 
199691	89 3f 00 
199692	99 3e 41 
200703	89 3e 00 
201250	99 3e 40 
201757	89 3e 00 
202263	99 3e 40 
202772	89 3e 00 
202800	99 3f 43 
203787	89 3f 00 
203788	99 3f 41 
204799	89 3f 00 
204804	99 3e 45 
205853	89 3e 00 
206359	99 3e 40 
206868	89 3e 00 
207907	99 3f 41 
208895	89 3f 00 
208900	99 3f 45 
209949	89 3f 00 
209950	99 3e 41 
210964	89 3e 00 
211475	99 3e 40 
211979	89 3e 00 
212485	99 3e 40 
212991	89 3e 00 
212996	99 3f 45 
214045	89 3f 00 
214046	99 3f 41 
215060	89 3f 00 
215061	99 3e 43 
216075	89 3e 00 
216581	99 3e 40 
217087	89 3e 00 
218158	99 3f 41 
219156	89 3f 00 
219157	99 3f 43 
220171	89 3f 00 
220172	99 3e 41 
221183	89 3e 00 
221730	99 3e 40 
222237	89 3e 00 
222743	99 3e 40 
223252	89 3e 00 
223254	99 3f 43 
224267	89 3f 00 
224268	99 3f 41 
225279	89 3f 00 
225284	99 3e 45 
226333	89 3e 00 
226839	99 3e 40 
227348	89 3e 00 
228391	99 3f 41 
229375	89 3f 00 
229380	99 3f 45 
230429	89 3f 00 
230430	99 3e 41 
231444	89 3e 00 
231955	99 3e 40 
232459	89 3e 00 
232965	99 3e 40 
233471	89 3e 00 
233493	99 3f 45 
234525	89 3f 00 
234526	99 3f 41 
235540	89 3f 00 
235541	99 3e 43 
236555	89 3e 00 
237061	99 3e 40 
237567	89 3e 00 
238632	99 3f 41 
239636	89 3f 00 
239637	99 3f 43 
240651	89 3f 00 
240652	99 3e 41 
241663	89 3e 00 
242210	99 3e 40 
242717	89 3e 00 
243223	99 3e 40 
243732	89 3e 00 
243741	99 3f 43 
244747	89 3f 00 
244748	99 3f 41 
245759	89 3f 00 
245764	99 3e 45 
246813	89 3e 00 
247319	99 3e 40 
247828	89 3e 00 
248866	99 3f 41 
249855	89 3f 00 
249860	99 3f 45 
250909	89 3f 00 
250910	99 3e 41 
251924	89 3e 00 
252435	99 3e 40 
252939	89 3e 00 
253445	99 3e 40 
253951	89 3e 00 
253964	99 3f 45 
255005	89 3f 00 
255006	99 3f 41 
255006	99 56 41 
255346	89 3f 00 
255346	89 56 00 
255357	99 56 40 
255675	89 56 00 
255676	99 56 40 
256020	89 56 00 
256021	99 3e 43 
257035	89 3e 00 
257541	99 3e 40 
258047	89 3e 00 
259106	99 3f 41 
260116	89 3f 00 
260117	99 3f 43 
261131	89 3f 00 
261132	99 3e 41 
262143	89 3e 00 
262690	99 3e 40 
263197	89 3e 00 
263703	99 3e 40 
264212	89 3e 00 
264235	99 3f 43 
265227	89 3f 00 
265228	99 3f 41 
266239	89 3f 00 
266268	99 23 49 
268046	89 23 00 
268047	99 23 45 
268308	89 23 00 
269610	99 23 45 
270335	89 23 00 
270343	99 23 4a 
271389	89 23 00 
271390	99 23 45 
272404	89 23 00 
272414	99 31 43 
273419	89 31 00 
273420	99 31 41 
274431	89 31 00 
282625	ff 2f 00 

Track 4
0	ff 09 16 53 6d 61 72 74 4d 75 73 69 63 20 53 6f 66 74 53 79 6e 74 68 20 31 
0	ff 03 08 41 6c 74 6f 20 53 61 78 
0	c6 00 
0	b6 07 65 
0	b6 0a 40 
0	b6 07 6e 
30697	b6 07 5a 
30741	96 46 4f 
31155	86 46 00 
31251	96 43 4c 
31660	86 43 00 
31756	96 3e 4d 
32011	b6 07 5b 
32160	b6 07 5c 
32309	b6 07 5e 
32458	b6 07 60 
32607	b6 07 62 
32756	b6 07 65 
32905	b6 07 67 
33054	b6 07 69 
33203	b6 07 6b 
33352	b6 07 6c 
33501	b6 07 6d 
33660	b6 07 6e 
33812	b6 07 6d 
33964	b6 07 6c 
34116	b6 07 6b 
34268	b6 07 6a 
34420	b6 07 68 
34572	b6 07 66 
34724	b6 07 64 
34876	b6 07 61 
35028	b6 07 5f 
35180	b6 07 5d 
35332	b6 07 5c 
35484	b6 07 5b 
35636	b6 07 5a 
35756	86 3e 00 
35852	96 46 4d 
36261	86 46 00 
36357	96 43 4c 
36768	86 43 00 
36868	96 3d 4c 
37119	b6 07 5b 
37266	b6 07 5c 
37413	b6 07 5e 
37560	b6 07 60 
37707	b6 07 62 
37854	b6 07 65 
38001	b6 07 67 
38148	b6 07 69 
38295	b6 07 6b 
38442	b6 07 6c 
38589	b6 07 6d 
38758	b6 07 6e 
38911	b6 07 6d 
39064	b6 07 6c 
39217	b6 07 6b 
39370	b6 07 6a 
39523	b6 07 68 
39676	b6 07 66 
39829	b6 07 63 
39982	b6 07 61 
40135	b6 07 5f 
40288	b6 07 5d 
40441	b6 07 5c 
40594	b6 07 5b 
40747	b6 07 5a 
40864	86 3d 00 
40964	96 46 51 
41410	86 46 00 
41506	96 43 4c 
41918	86 43 00 
42014	96 3c 4c 
42267	b6 07 5b 
42415	b6 07 5c 
42563	b6 07 5e 
42711	b6 07 60 
42859	b6 07 62 
43007	b6 07 65 
43155	b6 07 67 
43303	b6 07 69 
43451	b6 07 6b 
43599	b6 07 6c 
43747	b6 07 6d 
43915	b6 07 6e 
44067	b6 07 6d 
44219	b6 07 6c 
44371	b6 07 6b 
44523	b6 07 6a 
44675	b6 07 68 
44827	b6 07 66 
44979	b6 07 64 
45131	b6 07 61 
45283	b6 07 5f 
45435	b6 07 5e 
45587	b6 07 5c 
45739	b6 07 5b 
45891	b6 07 5a 
46014	86 3c 00 
46110	96 3a 4d 
46519	86 3a 00 
46615	96 3c 4c 
48044	86 3c 00 
61444	96 3a 51 
61890	86 3a 00 
61986	96 37 4c 
62398	86 37 00 
62494	96 43 4c 
62747	b6 07 5b 
62895	b6 07 5c 
63043	b6 07 5e 
63191	b6 07 60 
63339	b6 07 62 
63487	b6 07 65 
63635	b6 07 67 
63783	b6 07 69 
63931	b6 07 6b 
64079	b6 07 6c 
64227	b6 07 6d 
64395	b6 07 6e 
64547	b6 07 6d 
64699	b6 07 6c 
64851	b6 07 6b 
65003	b6 07 6a 
65155	b6 07 68 
65307	b6 07 66 
65459	b6 07 64 
65611	b6 07 61 
65763	b6 07 5f 
65915	b6 07 5e 
66067	b6 07 5c 
66219	b6 07 5b 
66371	b6 07 5a 
66494	86 43 00 
66590	96 3a 4d 
66999	86 3a 00 
67095	96 37 4c 
67509	86 37 00 
67605	96 42 4f 
67876	b6 07 5b 
68033	b6 07 5d 
68190	b6 07 5f 
68347	b6 07 61 
68504	b6 07 64 
68661	b6 07 66 
68818	b6 07 68 
68975	b6 07 6a 
69132	b6 07 6c 
69289	b6 07 6d 
69461	b6 07 6e 
69606	b6 07 6d 
69896	b6 07 6b 
70041	b6 07 6a 
70186	b6 07 68 
70331	b6 07 66 
70476	b6 07 65 
70621	b6 07 63 
70766	b6 07 61 
70911	b6 07 5f 
71056	b6 07 5d 
71201	b6 07 5c 
71346	b6 07 5a 
71605	86 42 00 
71701	96 3a 4f 
72115	86 3a 00 
72211	96 37 4c 
72620	86 37 00 
72716	96 41 4d 
72967	b6 07 5b 
73114	b6 07 5d 
73261	b6 07 5f 
73408	b6 07 61 
73555	b6 07 64 
73702	b6 07 66 
73849	b6 07 68 
73996	b6 07 6a 
74143	b6 07 6c 
74290	b6 07 6d 
74451	b6 07 6e 
74604	b6 07 6d 
74910	b6 07 6b 
75063	b6 07 6a 
75216	b6 07 68 
75369	b6 07 66 
75522	b6 07 65 
75675	b6 07 63 
75828	b6 07 61 
75981	b6 07 5f 
76134	b6 07 5d 
76287	b6 07 5c 
76440	b6 07 5a 
76716	86 41 00 
76812	96 40 4d 
77221	86 40 00 
77317	96 3f 4c 
78782	86 3f 00 
81924	96 3f 51 
82370	86 3f 00 
82466	96 3c 4c 
82878	86 3c 00 
82974	96 37 4d 
83225	b6 07 5b 
83372	b6 07 5c 
83519	b6 07 5d 
83666	b6 07 5f 
83813	b6 07 61 
83960	b6 07 64 
84107	b6 07 66 
84254	b6 07 68 
84401	b6 07 6a 
84548	b6 07 6b 
84695	b6 07 6c 
84842	b6 07 6d 
85004	b6 07 6e 
85158	b6 07 6d 
85312	b6 07 6c 
85466	b6 07 6b 
85620	b6 07 69 
85774	b6 07 67 
85928	b6 07 65 
86082	b6 07 62 
86236	b6 07 60 
86390	b6 07 5e 
86544	b6 07 5c 
86698	b6 07 5b 
86852	b6 07 5a 
86974	86 37 00 
87070	96 3f 4d 
87479	86 3f 00 
87575	96 3c 4c 
87989	86 3c 00 
88085	96 36 4f 
88336	b6 07 5b 
88483	b6 07 5d 
88630	b6 07 5f 
88777	b6 07 61 
88924	b6 07 64 
89071	b6 07 66 
89218	b6 07 68 
89365	b6 07 6a 
89512	b6 07 6c 
89659	b6 07 6d 
89820	b6 07 6e 
89973	b6 07 6d 
90279	b6 07 6b 
90432	b6 07 6a 
90585	b6 07 68 
90738	b6 07 66 
90891	b6 07 65 
91044	b6 07 63 
91197	b6 07 61 
91350	b6 07 5f 
91503	b6 07 5d 
91656	b6 07 5c 
91809	b6 07 5a 
92085	86 36 00 
92181	96 3f 4f 
92595	86 3f 00 
92691	96 3c 4c 
93100	86 3c 00 
93196	96 35 4d 
93463	b6 07 5b 
93618	b6 07 5c 
93773	b6 07 5e 
93928	b6 07 60 
94083	b6 07 62 
94238	b6 07 65 
94393	b6 07 67 
94548	b6 07 69 
94703	b6 07 6b 
94858	b6 07 6c 
95013	b6 07 6d 
95177	b6 07 6e 
95324	b6 07 6d 
95471	b6 07 6c 
95618	b6 07 6b 
95765	b6 07 6a 
95912	b6 07 68 
96059	b6 07 66 
96206	b6 07 63 
96353	b6 07 61 
96500	b6 07 5f 
96647	b6 07 5d 
96794	b6 07 5c 
96941	b6 07 5b 
97088	b6 07 5a 
97196	86 35 00 
97292	96 33 4d 
97701	86 33 00 
97797	96 35 4c 
98208	86 35 00 
98308	96 3a 51 
98754	86 3a 00 
98850	96 37 4c 
99262	86 37 00 
99358	96 43 4d 
99617	b6 07 5b 
99768	b6 07 5d 
99919	b6 07 5f 
100070	b6 07 61 
100221	b6 07 64 
100372	b6 07 66 
100523	b6 07 68 
100674	b6 07 6a 
100825	b6 07 6c 
100976	b6 07 6d 
101137	b6 07 6e 
101287	b6 07 6d 
101587	b6 07 6b 
101737	b6 07 6a 
101887	b6 07 68 
102037	b6 07 66 
102187	b6 07 65 
102337	b6 07 63 
102487	b6 07 61 
102637	b6 07 5f 
102787	b6 07 5d 
102937	b6 07 5c 
103087	b6 07 5b 
103237	b6 07 5a 
103358	86 43 00 
103454	96 3a 4d 
103863	86 3a 00 
103959	96 37 4c 
104373	86 37 00 
104469	96 42 4f 
104724	b6 07 5b 
104873	b6 07 5c 
105022	b6 07 5d 
105171	b6 07 5f 
105320	b6 07 61 
105469	b6 07 63 
105618	b6 07 66 
105767	b6 07 68 
105916	b6 07 69 
106065	b6 07 6b 
106214	b6 07 6c 
106363	b6 07 6d 
106534	b6 07 6e 
106685	b6 07 6d 
106836	b6 07 6c 
106987	b6 07 6b 
107138	b6 07 69 
107289	b6 07 67 
107440	b6 07 65 
107591	b6 07 62 
107742	b6 07 60 
107893	b6 07 5e 
108044	b6 07 5c 
108195	b6 07 5b 
108346	b6 07 5a 
108469	86 42 00 
108565	96 3a 4f 
108979	86 3a 00 
109075	96 37 4c 
109484	86 37 00 
109580	96 41 4d 
109835	b6 07 5b 
109984	b6 07 5c 
110133	b6 07 5e 
110282	b6 07 60 
110431	b6 07 62 
110580	b6 07 65 
110729	b6 07 67 
110878	b6 07 69 
111027	b6 07 6b 
111176	b6 07 6c 
111325	b6 07 6d 
111484	b6 07 6e 
111636	b6 07 6a 
111788	b6 07 67 
111940	b6 07 64 
112092	b6 07 60 
112244	b6 07 5d 
112396	b6 07 5a 
112548	b6 07 57 
112700	b6 07 53 
112852	b6 07 50 
113004	b6 07 4d 
113156	b6 07 49 
113308	b6 07 46 
113460	b6 07 43 
113580	86 41 00 
113612	b6 07 40 
113676	96 40 4d 
114085	86 40 00 
114181	96 3f 4c 
114592	86 3f 00 
143337	b6 07 5a 
143364	96 37 51 
144918	86 37 00 
144919	96 37 4c 
146348	86 37 00 
146444	96 3a 4d 
147360	86 3a 00 
147460	96 3c 51 
148414	86 3c 00 
148510	96 37 4d 
150034	86 37 00 
150035	96 37 4c 
151456	86 37 00 
151556	96 35 51 
152510	86 35 00 
152606	96 36 4d 
153525	86 36 00 
153621	96 37 4f 
155140	86 37 00 
155141	96 37 4c 
156606	86 37 00 
156702	96 3a 4d 
157621	86 3a 00 
157717	96 3c 4f 
158636	86 3c 00 
158732	96 37 4d 
160289	86 37 00 
160290	96 37 4c 
161717	86 37 00 
161813	96 35 4f 
162732	86 35 00 
162828	96 36 4d 
163744	86 36 00 
163844	96 46 51 
164290	86 46 00 
164386	96 43 4c 
164798	86 43 00 
164894	96 3e 4c 
165145	b6 07 5b 
165292	b6 07 5c 
165439	b6 07 5d 
165586	b6 07 5f 
165733	b6 07 61 
165880	b6 07 64 
166027	b6 07 66 
166174	b6 07 68 
166321	b6 07 6a 
166468	b6 07 6b 
166615	b6 07 6c 
166762	b6 07 6d 
166924	b6 07 6e 
167078	b6 07 6d 
167232	b6 07 6c 
167386	b6 07 6b 
167540	b6 07 69 
167694	b6 07 67 
167848	b6 07 65 
168002	b6 07 62 
168156	b6 07 60 
168310	b6 07 5e 
168464	b6 07 5c 
168618	b6 07 5b 
168772	b6 07 5a 
168894	86 3e 00 
168990	96 46 4d 
169399	86 46 00 
169495	96 43 4c 
169909	86 43 00 
170005	96 3d 4f 
170262	b6 07 5b 
170412	b6 07 5d 
170562	b6 07 5f 
170712	b6 07 61 
170862	b6 07 63 
171012	b6 07 66 
171162	b6 07 68 
171312	b6 07 6a 
171462	b6 07 6c 
171612	b6 07 6d 
171780	b6 07 6e 
171931	b6 07 6d 
172233	b6 07 6b 
172384	b6 07 6a 
172535	b6 07 68 
172686	b6 07 66 
172837	b6 07 64 
172988	b6 07 62 
173139	b6 07 60 
173290	b6 07 5f 
173441	b6 07 5d 
173592	b6 07 5c 
173743	b6 07 5a 
174005	86 3d 00 
174101	96 46 4f 
174515	86 46 00 
174611	96 43 4c 
175020	86 43 00 
175116	96 3c 4d 
175371	b6 07 5b 
175520	b6 07 5c 
175669	b6 07 5e 
175818	b6 07 60 
175967	b6 07 62 
176116	b6 07 65 
176265	b6 07 67 
176414	b6 07 69 
176563	b6 07 6b 
176712	b6 07 6c 
176861	b6 07 6d 
177020	b6 07 6e 
177172	b6 07 6d 
177324	b6 07 6c 
177476	b6 07 6b 
177628	b6 07 6a 
177780	b6 07 68 
177932	b6 07 66 
178084	b6 07 64 
178236	b6 07 61 
178388	b6 07 5f 
178540	b6 07 5d 
178692	b6 07 5c 
178844	b6 07 5b 
178996	b6 07 5a 
179116	86 3c 00 
179212	96 3a 4d 
179621	86 3a 00 
179717	96 3c 4c 
181182	86 3c 00 
194581	96 3a 4f 
194995	86 3a 00 
195091	96 37 4c 
195500	86 37 00 
195596	96 43 4d 
195851	b6 07 5b 
196000	b6 07 5c 
196149	b6 07 5e 
196298	b6 07 60 
196447	b6 07 62 
196596	b6 07 65 
196745	b6 07 67 
196894	b6 07 69 
197043	b6 07 6b 
197192	b6 07 6c 
197341	b6 07 6d 
197500	b6 07 6e 
197652	b6 07 6d 
197804	b6 07 6c 
197956	b6 07 6b 
198108	b6 07 6a 
198260	b6 07 68 
198412	b6 07 66 
198564	b6 07 64 
198716	b6 07 61 
198868	b6 07 5f 
199020	b6 07 5d 
199172	b6 07 5c 
199324	b6 07 5b 
199476	b6 07 5a 
199596	86 43 00 
199692	96 3a 4d 
200101	86 3a 00 
200197	96 37 4c 
200608	86 37 00 
200708	96 42 4c 
200967	b6 07 5b 
201118	b6 07 5c 
201269	b6 07 5e 
201420	b6 07 60 
201571	b6 07 62 
201722	b6 07 65 
201873	b6 07 67 
202024	b6 07 69 
202175	b6 07 6b 
202326	b6 07 6c 
202477	b6 07 6d 
202639	b6 07 6e 
202789	b6 07 6d 
202939	b6 07 6c 
203089	b6 07 6b 
203239	b6 07 6a 
203389	b6 07 68 
203539	b6 07 66 
203689	b6 07 63 
203839	b6 07 61 
203989	b6 07 5f 
204139	b6 07 5d 
204289	b6 07 5c 
204439	b6 07 5b 
204589	b6 07 5a 
204704	86 42 00 
204804	96 3a 51 
205250	86 3a 00 
205346	96 37 4c 
205758	86 37 00 
205854	96 41 4c 
206125	b6 07 5b 
206282	b6 07 5d 
206439	b6 07 60 
206596	b6 07 62 
206753	b6 07 65 
206910	b6 07 67 
207067	b6 07 6a 
207224	b6 07 6c 
207381	b6 07 6d 
207538	b6 07 6e 
207699	b6 07 6d 
207991	b6 07 6c 
208137	b6 07 6a 
208283	b6 07 69 
208429	b6 07 67 
208575	b6 07 65 
208721	b6 07 64 
208867	b6 07 62 
209013	b6 07 60 
209159	b6 07 5e 
209305	b6 07 5d 
209451	b6 07 5b 
209597	b6 07 5a 
209854	86 41 00 
209950	96 40 4d 
210359	86 40 00 
210455	96 3f 4c 
211884	86 3f 00 
214973	b6 07 6e 
215061	96 3c 43 
216580	86 3c 00 
216581	96 3c 40 
218046	86 3c 00 
218142	96 3f 41 
219061	86 3f 00 
219157	96 41 43 
220076	86 41 00 
220172	96 3c 41 
221729	86 3c 00 
221730	96 3c 40 
223157	86 3c 00 
223253	96 3a 43 
224172	86 3a 00 
224268	96 3b 41 
225184	86 3b 00 
225284	96 3c 45 
226838	86 3c 00 
226839	96 3c 40 
227348	86 3c 00 
227349	96 3c 43 
228268	86 3c 00 
228364	96 3f 41 
229280	86 3f 00 
229380	96 41 45 
230334	86 41 00 
230430	96 3c 41 
231954	86 3c 00 
231955	96 3c 40 
233376	86 3c 00 
233476	96 35 45 
234430	86 35 00 
234526	96 36 41 
235445	86 36 00 
235541	96 37 43 
237060	86 37 00 
237061	96 37 40 
238526	86 37 00 
238622	96 3a 41 
239541	86 3a 00 
239637	96 3c 43 
240556	86 3c 00 
240652	96 37 41 
242209	86 37 00 
242210	96 37 40 
243637	86 37 00 
243733	96 35 43 
244652	86 35 00 
244748	96 36 41 
245664	86 36 00 
245764	96 37 45 
247318	86 37 00 
247319	96 37 40 
248748	86 37 00 
248844	96 3a 41 
249760	86 3a 00 
249860	96 3c 45 
250814	86 3c 00 
250910	96 3f 41 
252434	86 3f 00 
252435	96 3f 40 
253856	86 3f 00 
253956	96 40 45 
254910	86 40 00 
255006	96 42 41 
255925	86 42 00 
256021	96 3f 43 
257540	86 3f 00 
257541	96 3f 40 
259006	86 3f 00 
259102	96 40 41 
260021	86 40 00 
260117	96 42 43 
261036	86 42 00 
261132	96 3f 41 
262689	86 3f 00 
262690	96 3f 40 
264117	86 3f 00 
264213	96 40 43 
265132	86 40 00 
265228	96 42 41 
266144	86 42 00 
266244	96 3f 45 
267198	86 3f 00 
270313	b6 07 5c 
270340	96 39 50 
271294	86 39 00 
272405	96 42 4e 
273324	86 42 00 
273420	96 44 4c 
273681	b6 07 5d 
273833	b6 07 5f 
273985	b6 07 62 
274137	b6 07 64 
274289	b6 07 67 
274441	b6 07 6a 
274593	b6 07 6c 
274745	b6 07 6d 
274918	b6 07 6e 
275070	b6 07 69 
275222	b6 07 64 
275374	b6 07 60 
275526	b6 07 5b 
275678	b6 07 57 
275830	b6 07 52 
275982	b6 07 4d 
276134	b6 07 49 
276286	b6 07 44 
276405	86 44 00 
276438	b6 07 40 
276501	96 43 4e 
276707	86 43 00 
276764	96 41 4b 
276954	86 41 00 
277011	96 3e 4b 
277202	86 3e 00 
277259	96 3c 4b 
277459	86 3c 00 
277516	96 3b 4c 
277925	86 3b 00 
278021	96 37 4b 
278432	86 37 00 
282625	ff 2f 00 
